     0   1   2   3   4   5
   +-----------------------+
 0 |Jan|Feb|Mar|Apr|May|Jun|
   +---+---+---+---+---+---+
 1 |Jul|Aug|Sep|Oct|Nov|Dec| 6
   +---+---+---+---+---+---+---+
 2 | 1 | 2 | 3 | 4 | 5 | 6 | 7 |
   +---+---+---+---+---+---+---+
 3 | 8 | 9 | 10| 11| 12| 13| 14|
   +---+---+---+---+---+---+---+
 4 | 15| 16| 17| 18| 19| 20| 21|
   +---+---+---+---+---+---+---+
 5 | 22| 23| 24| 25| 26| 27| 28|
   +---+---+---+---+---+---+---+
 6 | 29| 30| 31|
   +-----------+

   +-----------------------+
   | 0 | 1 | 2 | 3 | 4 | 5 |
   +---+---+---+---+---+---+
   | 6 | 7 | 8 | 9 | 10| 11|
   +---+---+---+---+---+---+---+
   | 12| 13| 14| 15| 16| 17| 18|
   +---+---+---+---+---+---+---+
   | 19| 20| 21| 22| 23| 24| 25|
   +---+---+---+---+---+---+---+
   | 26| 27| 28| 29| 30| 31| 32|
   +---+---+---+---+---+---+---+
   | 33| 34| 35| 36| 37| 38| 39|
   +---+---+---+---+---+---+---+
   | 40| 41| 42|
   +-----------+
